1111111111111111
1111111111111111
1111111111111111
1111111111111111
1111111111111111
1111111111111111
1111111111111111
1111111111111111
1111111111111111
1111111111111111
1111111111111111
1111111111111111
1111111111111111
1111111111111111
1111111111111111
1111111111111111
1111111111111111
1111111111111111
1111111111111111
1111111111111111
1111111111111111
1111111111111111
1111111111111111
1111111111111111
1111111111111111
1111100011101110
1110111110110110
1110011100100111
1101111100101110
1101011110111110
1101000011001000
1100101001000010
1100010000100001
1011111001011100
1011100011101100
1011001111001001
1010111011101101
1010101001010010
1010010111110100
1010000111001110
1001110111011100
1001101000011010
1001011010000100
1001001100011000
1000111111010100
1000110010110011
1000100110110101
1000011011010110
1000010000010110
1000000101110010
0111111011101000
0111110001110111
0111101000011110
0111011111011011
0111010110101101
0111001110010011
0111000110001100
0110111110010111
0110110110110011
0110101111011111
0110101000011010
0110100001100100
0110011010111100
0110010100100001
0110001110010010
0110001000010000
0110000010011001
0101111100101110
0101110111001101
0101110001110110
0101101100101000
0101100111100100
0101100010101001
0101011101110110
0101011001001100
0101010100101001
0101010000001110
0101001011111010
0101000111101101
0101000011100111
0100111111100111
0100111011101110
0100110111111010
0100110100001101
0100110000100100
0100101101000010
0100101001100100
0100100110001100
0100100010111000
0100011111101010
0100011100011111
0100011001011001
0100010110011000
0100010011011010
0100010000100001
0100001101101011
0100001010111001
0100001000001011
0100000101100000
0100000010111001
0100000000010100
0011111101110100
0011111011010110
0011111000111011
0011110110100100
0011110100001111
0011110001111101
0011101111101101
0011101101100000
0011101011010110
0011101001001111
0011100111001001
0011100101000110
0011100011000110
0011100001000111
0011011111001011
0011011101010001
0011011011011001
0011011001100011
0011010111101111
0011010101111101
0011010100001101
0011010010011110
0011010000110010
0011001111000111
0011001101011110
0011001011110110
0011001010010000
0011001000101100
0011000111001001
0011000101101000
0011000100001000
0011000010101001
0011000001001100
0010111111110001
0010111110010111
0010111100111110
0010111011100110
0010111010010000
0010111000111011
0010110111100111
0010110110010100
0010110101000010
0010110011110010
0010110010100010
0010110001010100
0010110000000111
0010101110111011
0010101101110000
0010101100100110
0010101011011100
0010101010010100
0010101001001101
0010101000000111
0010100111000001
0010100101111101
0010100100111001
0010100011110110
0010100010110100
0010100001110011
0010100000110011
0010011111110011
0010011110110101
0010011101110111
0010011100111001
0010011011111101
0010011011000001
0010011010000110
0010011001001100
0010011000010010
0010010111011001
0010010110100001
0010010101101001
0010010100110010
0010010011111100
0010010011000110
0010010010010001
0010010001011100
0010010000101000
0010001111110101
0010001111000010
0010001110001111
0010001101011110
0010001100101100
0010001011111100
0010001011001100
0010001010011100
0010001001101101
0010001000111110
0010001000010000
0010000111100010
0010000110110101
0010000110001000
0010000101011100
0010000100110000
0010000100000101
0010000011011010
0010000010110000
0010000010000110
0010000001011100
0010000000110011
0010000000001010
0001111111100010
0001111110111010
0001111110010010
0001111101101011
0001111101000100
0001111100011101
0001111011110111
0001111011010010
0001111010101100
0001111010000111
0001111001100010
0001111000111110
0001111000011010
0001110111110110
0001110111010011
0001110110110000
0001110110001101
0001110101101011
0001110101001001
0001110100100111
0001110100000110
0001110011100100
0001110011000100
0001110010100011
0001110010000011
0001110001100011
0001110001000011
0001110000100011
0001110000000100
0001101111100101
0001101111000111
0001101110101000
0001101110001010
0001101101101100
0001101101001111
0001101100110001
0001101100010100
0001101011110111
0001101011011011
0001101010111110
0001101010100010
0001101010000110
0001101001101010
0001101001001111
0001101000110100
0001101000011001
0001100111111110
0001100111100011
0001100111001001
0001100110101111
0001100110010101
0001100101111011
0001100101100001
0001100101001000